Below is a list of 1500 integers, one per line.

12871
9687
22029
72149
17283
62944
2720
38948
89665
93358
1331
32180
89765
99281
78318
62826
51364
60338
26623
21810
38522
48519
97028
57991
26645
3045
66313
58899
76440
31895
48430
67092
32823
62893
71380
65125
26997
97419
86383
32598
9130
23598
8986
60609
41488
79905
81454
74158
64416
98675
2192
6291
93369
18490
13241
5787
24451
17744
66557
63558
15939
57920
71585
86445
81215
49052
66241
8463
13884
31421
42134
37898
86893
45664
45666
27924
57873
24904
36106
67948
71175
29476
87112
40790
32017
74597
63459
30372
35733
71581
79430
97075
94322
49385
33352
28181
17808
67268
1990
52323
65914
21583
88737
89562
94750
44108
2484
88041
51927
53242
35923
82112
68793
67335
11640
7628
59220
65147
26913
37450
16279
83824
27965
30301
36928
74709
14752
22819
48480
26215
68838
63938
98268
18222
66012
20829
26846
55395
63785
90701
49236
41695
60010
94463
10103
69259
20010
49071
62574
61053
37600
78016
18043
97419
19450
87536
11763
7199
16502
61542
27031
35739
99850
69234
51762
80598
79020
96340
24273
40798
51008
36309
82318
5438
29620
60819
29992
56719
51944
23860
46272
5239
9380
29633
45550
65379
30868
17769
28847
5253
24566
46797
84339
73149
2729
91932
8808
59483
80090
40124
62407
50599
80797
49082
62505
9222
2922
50273
65604
44118
2670
35254
79132
62523
1079
12891
88414
2785
87646
65000
50237
34627
28459
33460
4512
25752
50196
90240
55708
88271
21723
83012
27755
68119
2150
9931
58347
36109
75595
58079
74429
66607
11468
85890
46264
62552
45218
4500
18496
54185
52224
43856
27907
20066
11477
85762
69464
81517
51696
44328
84414
99297
38522
15266
63095
44776
38039
40892
81149
9683
39225
30468
39321
41785
15877
85522
98352
73913
92611
41911
91741
14609
27367
65109
38769
34184
39545
87806
26296
17628
98635
83617
91715
69776
57567
52702
97866
60385
2344
54009
27130
25040
85526
23240
54163
46816
75516
6117
11725
65741
88004
85350
64857
96315
68086
98585
78366
40265
83236
19021
84533
17426
74001
80677
18903
14346
45850
5785
44428
87095
91042
9543
19962
48381
31618
22187
13877
77574
29804
24970
98934
69578
12590
53274
81251
66305
5655
60666
41871
84065
55374
24358
48118
19390
60571
62714
60895
13130
34289
24256
75557
13498
71849
2623
41638
68300
72689
73026
18548
24728
16725
13261
77319
43135
52738
12698
31154
15578
76242
73833
63242
46259
24294
1357
85856
2344
99826
87264
14561
60874
45406
51699
48338
90539
97824
61516
13722
3432
89090
26486
46655
57811
70316
21806
12813
62379
97361
55811
61461
94943
48515
67678
86500
15613
13474
26258
78111
35411
3244
53735
72040
45180
78737
65409
27040
91052
35379
13525
14119
74967
73736
14790
88056
49103
94311
57798
5382
72262
87845
64601
7594
86445
17792
35720
12921
28406
47228
45329
34222
44162
80912
50420
25303
99300
72635
52143
30100
73749
94816
56756
39294
53897
95587
23118
50078
34281
12754
90143
62695
37415
99952
44938
94904
81769
93925
64871
75533
90954
60628
51620
29479
49968
22760
71484
14228
55359
8143
60879
42071
94438
73305
91049
97340
27940
70215
42603
67409
90839
93115
75854
46872
82816
44050
43825
5004
57551
24326
88588
99283
66023
71728
27932
23637
21640
71483
62333
11932
73805
87278
57231
49985
90365
75365
35775
23740
71522
71566
46148
16806
26424
48408
3291
16735
43787
87840
91966
52080
34517
40919
57012
35608
60216
81793
4277
19147
63934
29479
68665
13744
12073
97301
37464
57866
14156
75122
42118
47979
63261
77477
42574
6072
79599
7984
93635
20257
7413
31507
71332
98578
46524
3992
7473
85186
46563
92277
28815
39619
35672
10450
98485
35697
33696
81717
4524
50828
10140
17490
90351
8943
3550
90960
63163
71908
50444
54294
54297
10740
75487
97889
71914
61672
65541
52581
25972
45165
23785
90355
74390
6150
49195
22607
67450
54104
85874
88096
35009
57972
92383
55259
19205
14433
17545
53317
29414
47797
59177
93661
88064
66476
1571
31219
18169
76153
90013
89145
57910
50399
22391
64332
54692
85916
40928
50758
20587
51441
5623
76699
97950
61780
59154
53130
74834
33859
37006
90930
58680
33231
15190
80082
96192
21794
43001
87823
66453
47072
13510
38438
84653
2689
44498
62614
66514
28875
80416
27379
57246
72779
96849
10387
15733
18567
22731
10250
64356
30516
36386
17342
49862
13532
7927
53212
5439
80072
28955
25154
96516
15399
35704
72532
75759
64837
20996
97512
60409
16842
98777
24005
54422
71432
58188
26537
98217
31756
21647
91295
55090
51318
66761
96236
78887
5442
90022
38615
11521
38469
26617
12406
68459
76869
27187
78529
92494
65669
80276
89727
30130
37002
93605
39470
96668
80144
51983
27133
81934
33155
89810
34978
68253
38847
47127
16158
33646
98584
44604
29974
19489
73610
62241
10729
62042
87310
12200
85516
61078
63513
11877
62293
18789
4442
22620
19284
99316
7605
26319
80361
67430
85824
39731
95862
98513
59041
37255
83237
5829
19116
88396
6276
50618
99154
29357
61729
59024
50984
80558
16526
96532
50501
22993
47218
63400
31736
68418
21558
3628
87864
25956
33929
51964
75143
2075
23217
33591
81013
86334
21176
5680
75552
30442
54673
51090
83755
19978
44994
46804
52523
28896
49260
85680
21365
39610
60402
94903
33688
47154
90945
75937
2008
16130
65456
78234
27402
89495
17390
13700
24515
14267
39838
87355
31410
13148
33142
24806
74424
76176
29495
57213
51640
63964
72180
93537
88463
24535
50617
30034
41895
62297
63253
63346
17408
71214
19996
49049
33450
42462
97566
46143
37220
67500
52467
45974
55975
34837
56574
23998
55678
53659
54326
21697
98975
99245
14514
88372
65856
53767
41839
22853
47074
70142
12596
41556
32197
20538
22326
90352
12647
96916
6693
28601
94503
75721
75678
96738
80819
19945
27541
8389
49481
23768
40536
49454
72419
25240
38550
57042
31568
84764
43901
7784
74374
78376
36967
56456
72289
29446
3750
50573
9025
21080
53066
89160
22895
55486
50140
21062
36124
74717
21476
5562
23447
22844
16087
39909
42518
31263
23639
42626
8521
13545
2181
13318
71293
52003
58073
5652
85396
24750
93308
6557
60180
8368
28143
72452
7883
27964
6865
69303
6875
12164
30195
53665
8609
72513
71536
4697
19251
42737
93030
38472
94810
12738
23504
5669
50690
97783
84891
21079
3369
72032
94888
2798
89068
78454
64246
40103
57075
80577
23853
31161
52309
75039
76541
92638
34246
41417
2431
82612
23938
15803
68340
43703
29171
13565
18608
90306
19309
60148
72546
88551
51779
74289
20018
71563
46185
99460
26435
60187
45925
79935
65313
1091
38289
46007
80235
19105
84948
34105
35132
6815
3629
60929
24729
76967
73422
99423
78242
57841
23799
76565
23111
90991
8251
73726
49840
30740
54456
96285
70495
73649
58234
84752
63362
44529
34584
59986
7997
44554
96769
3061
31400
63321
40997
70644
54096
98175
37808
9632
68932
72040
85607
26535
90935
6225
43417
90481
97259
11019
71813
54221
37962
48122
38871
60686
17716
9763
50278
58927
42715
30004
78805
90085
2902
44996
38802
60502
70680
72785
32682
5574
44266
99566
5570
42156
77410
87991
18530
64861
84480
94521
97138
58218
69006
18968
44399
30065
72079
31622
25968
85429
32596
74165
30727
69636
48876
84692
20249
8151
96316
76304
34446
22394
17052
4382
4694
94004
79659
73596
60578
39127
73105
77289
56187
38470
91947
41738
28610
25467
63420
56124
22033
65808
44330
38747
25048
69994
35795
99414
91396
49299
88331
38638
16764
87203
51578
92466
68787
33556
11881
22062
1979
68132
20544
89263
38014
36026
90099
68172
15417
21183
65611
77574
5759
8992
63332
47388
73154
87027
6772
67225
25425
82470
59995
89155
48065
65081
27382
44376
56884
67913
63493
39037
56369
72658
16744
55754
51099
55505
97534
76891
82345
89728
91146
9097
64648
72525
19419
29614
74553
84175
18154
43747
70220
97147
66179
11029
83025
67922
20202
70907
23685
36441
99194
74391
82160
84389
7234
4096
34175
36055
7176
88498
77435
48850
11340
43270
59411
15868
48170
28740
67381
9229
87127
36266
45223
29526
85146
36682
58878
34705
99861
36082
74320
20427
91377
64360
74424
74495
22592
89041
15730
29545
47468
1687
51235
49760
68129
87443
69789
26127
88040
18127
10009
92192
47818
19115
94273
4004
70093
84549
50292
98170
93830
95661
49693
21720
3598
87510
11711
15377
48021
28026
42365
63404
76538
8577
53350
62983
12138
87219
73273
12318
68906
71711
66149
93296
9286
12508
97319
83069
86909
52176
35453
79284
14224
69517
17857
98324
45354
36273
46933
33199
24998
59552
44806
22773
30935
45211
2451
64208
27290
77309
89086
35386
49854
27659
55680
1587
60640
51826
94846
52925
27394
31851
91530
34723
62396
54324
79965
83717
16369
18534
11046
14310
91383
34215
29203
9731
22985
51028
65497
11920
23745
24869
27645
94814
48703
21380
56586
24696
73227
32642
58777
66081
40569
95793
37199
12518
63469
70434
43188
91603
62258
17481
11655
97381
81531
3475
16897
15383
15537
3517
30706
59727
56572
26660
59765
84391
52246
72886
13749
81983
95507
70379
69004
84203
48272
29316
44600
94669
10027
97874
81511
27533
7842
73324
75100
92590
42621
72578
66781
44494
8801
72770
42126
22062
49647
69805
39558
78017
43612
4659
9100
60140
55136
11610
22711
83355
4470
34302
35151
12479
88486
6188
6991
98309
29304
66922
78869
15385
87536
46325
96913
26474
64260
48066
58894
89200
85859
2191
43454
85714
28568
16139
48846
69158
2367
96203
18283
27312
44993
37740

Consider only the numbers in the list that are prime. Report:
(a) how many there are,
(b) their sum,
(c) the largest one.
Give the three numbers in your final answer.
